55926
12693
3335
54032
39514
9486
61311
54442
62878
18888
34109
33880
42830
51646
65126
8823
51624
32539
58268
19150
20906
18599
46002
13822
18993
38052
55173
7222
44277
61794
19431
61220
12819
16364
45584
21534
32021
6442
12178
47840
6452
17476
35243
59088
18566
30970
64922
63906
62041
17998
46095
12453
58270
37356
48761
23235
6064
38505
21098
57528
49661
37170
18398
14292
4211
49190
52170
27186
37851
43847
6625
52628
40717
62280
40433
53343
13212
49063
31336
29565
64399
16406
64528
32945
41067
34353
51386
1582
22270
11310
19523
35797
8932
22357
62181
4968
31637
58160
65529
13227
60858
47188
16912
6562
7031
50506
54636
7529
35264
13482
60265
12602
50557
7255
14092
42548
55595
44346
8816
7804
34520
58634
22762
59230
30311
36967
37382
50002
61826
12149
39866
59489
3731
50242
49475
64191
46917
35674
13252
58279
9301
33220
3189
4065
13607
28770
32608
1806
58266
34272
